4 5 4984 2739 76 6043 4297 
2 7 4297 6021 5997 5983 3533 3361 1863 
4 9 4297 4931 200 3432 4010 2945 4039 6058 1100 
4 6 4297 6092 3884 6143 6172 1781 
4 3 4620 1781 4774 
4 16 6980 5451 4431 296 6926 3186 5031 726 2843 4476 6898 437 3494 4930 2147 4006 
5 6 4006 6800 6760 6750 708 4628 
5 12 4628 2483 2180 3114 6720 2318 549 6708 573 4447 1437 6610 
4 3 5094 2365 3125 
3 5 3125 2375 2211 6276 6252 
4 9 6235 4685 4427 4704 5437 1757 6159 6130 557 
3 6 5853 5858 3732 1440 5872 3861 
3 7 1088 6022 2169 1888 6024 3292 4468 
1 2 4468 1100 
3 4 7287 7263 3387 3575 
3 5 7323 7307 7287 4991 7230 
2 5 7230 7238 4347 1143 4994 
2 6 4994 3629 7250 676 4162 7245 
4 5 557 1404 6078 5226 6022 
2 5 1863 5893 3298 4572 2119 
3 5 5179 4879 1472 6038 2897 
4 7 5179 1312 84 5096 1641 3065 4984 
3 9 84 1943 3458 1661 2895 447 1590 1304 4620 
2 7 4984 6004 5989 1242 4211 1234 2119 
2 7 2897 1968 3469 2533 578 4295 6152 
3 5 2897 5257 5984 5310 1458 
2 9 1590 3657 2252 4341 3618 6292 311 5162 1831 
2 3 1831 1808 3026 
2 8 1312 3615 5242 3874 6226 5107 6300 311 
2 6 1458 759 4148 149 906 5783 
2 8 5179 2951 3098 5991 5962 5938 4667 5919 
1 4 5919 2360 5923 4211 
2 4 5938 5911 5895 4148 
3 6 2119 2756 5822 3013 2639 4330 
2 8 5783 2144 3937 5705 961 2417 502 5648 
2 10 502 3667 1370 4426 5634 2559 5616 636 5080 3300 
1 4 3300 2724 2041 4434 
2 5 4434 2447 2261 2294 306 
1 8 2261 2393 2592 3207 1294 3917 5625 3631 
3 6 306 5438 2121 4055 2020 3468 
3 10 4330 5762 2470 5713 2953 3270 1918 2777 5400 306 
1 4 5762 934 514 4742 
2 9 3468 5712 767 1236 1719 5826 5857 1869 5886 
2 3 5886 1851 2466 
1 6 4742 3687 2774 4896 4612 1719 
4 6 4774 4449 3202 6324 719 6348 
1 6 573 5510 1807 2516 4869 925 
1 5 925 2544 356 6756 1124 
1 6 1124 3680 6711 2416 3708 6677 
1 4 6677 4237 6614 5485 
1 7 5485 3532 4231 2952 3649 6542 392 
1 5 3649 1064 3346 2342 3827 
1 4 392 4923 5530 1203 
1 6 5485 6564 4906 640 6527 4560 
1 7 640 4743 1905 4942 6433 4072 1831 
1 6 640 1290 2176 709 1741 2031 
1 3 2031 2868 6348 
5 4 4323 2311 2402 6851 
5 8 6851 5198 5301 5424 6860 6872 6899 3972 
3 5 3004 1725 4048 2575 5655 
2 8 2575 3467 4466 67 860 4748 704 4657 
1 6 3125 2892 6400 1406 5439 6387 
3 9 5094 6419 3414 4621 4103 6528 943 495 5053 
3 5 5053 6602 3230 6634 5046 
3 8 5046 6694 4307 4227 3576 4311 1840 2147 
2 8 4476 6874 2373 6825 4208 2983 6771 3517 
2 18 3517 2066 6697 2888 848 6642 3923 591 1910 2370 6538 2436 6499 6481 6469 3335 2202 5094 
1 11 4704 6251 3919 6305 2021 2738 6386 3091 6431 1209 1203 
1 5 5046 825 6639 6626 3923 
1 16 495 4796 3594 2700 3260 4591 58 869 4066 3203 292 4614 6653 6672 1604 6720 
3 11 1124 3005 3460 6844 4803 3428 6916 2250 2315 6960 6977 
1 6 6977 2539 7055 3219 1072 614 
3 6 4803 3252 3868 6869 6876 6885 
1 7 3868 6907 3637 1418 6968 3144 7018 
1 8 7018 7046 3992 4672 4717 1364 4988 5041 
3 8 6977 3017 1219 4285 7041 7061 3757 7081 
3 5 7081 5497 3622 4212 3290 
3 8 3622 2550 5434 7089 2529 7042 3837 6996 
3 5 6996 2615 3023 7059 5038 
2 5 6996 4086 594 6935 6913 
3 10 5038 7090 3991 3769 1293 7082 7093 3284 3226 7111 
3 6 7111 7138 3357 4678 7216 7245 
3 6 7111 7107 7094 4172 7071 620 
3 6 620 7067 681 2878 7003 6980 
2 7 620 4392 7139 826 4752 1516 7230 
1 4 7245 7248 2594 7305 
2 7 7245 7216 1049 7227 5309 1361 7286 
2 7 7286 1868 888 4969 1226 7226 7201 
2 5 7201 2935 2511 3536 5038 
4 6 5428 2967 6927 1797 1995 6851 
3 8 5428 6962 6972 3258 7015 1916 3396 3824 
2 13 3972 4594 6875 6863 3910 4229 4814 6880 6884 1931 3426 6862 4677 
3 7 3972 5189 4260 1251 6955 1973 7015 
2 11 3824 7051 4859 7020 4862 1228 2548 7009 1305 2091 5480 
2 7 4677 2083 97 740 3651 6992 5480 
2 4 4677 254 4828 6775 
2 8 6775 4823 4096 1877 6651 5163 2512 2709 
2 3 2709 663 1873 
3 6 2709 6568 2349 2578 6530 2175 
2 7 1873 5295 4822 371 1042 3553 6374 
3 6 6374 2956 3324 1575 6253 3810 
3 6 3324 6313 6289 675 5055 73 
1 4 73 2074 605 4669 
3 10 5090 2714 6188 4429 355 6150 861 1854 4038 179 
3 7 5090 6237 3348 4195 3416 6204 6215 
3 5 6215 2798 6151 1277 5535 
3 9 1277 1627 1928 6119 4535 1297 3639 4958 2580 
2 5 2580 6345 6334 237 5190 
3 10 2580 4180 485 3931 526 6473 1635 3668 3034 4627 
2 15 4627 1321 6572 631 1762 2099 2106 5432 363 6864 744 3227 2215 6896 4677 
2 5 5535 1904 5338 1445 2258 
2 6 2258 1108 1989 4246 3666 3853 
2 6 675 6261 628 4146 3291 1325 
2 7 179 2799 951 6100 4127 2103 1325 
2 6 2103 6065 3748 3475 3934 2367 
3 7 2768 4383 4711 5735 4996 1274 3254 
3 9 3861 2152 1963 5875 2908 2963 4215 655 5824 
3 6 3254 5307 5790 4281 5838 2908 
2 14 6916 6909 1215 4416 388 1275 3229 4663 6832 4665 9492 583 3954 6720 
1 7 925 4450 6625 6601 6576 6558 392 
1 7 6558 3646 4029 4919 2304 4313 5329 
1 5 5530 6456 3827 4372 2031 
3 4 4323 1365 5003 1926 
2 4 4359 2081 7402 7391 
2 9 7391 1678 5171 962 2012 3855 327 4235 4069 
2 8 4359 7417 2848 2415 7467 2313 2384 7522 
4 17 7323 3405 4069 5120 2398 2763 5532 1667 7448 1039 2323 4842 7506 7514 4179 2223 7525 
3 17 4423 4618 3713 4161 7553 3431 7536 1872 2010 4401 2323 5534 163 7441 2626 4142 7392 
2 9 7522 7515 2753 5462 7538 2328 1169 7550 4161 
4 3 3587 7529 7525 
3 17 7525 2085 4001 7567 995 2037 7608 2647 5217 7648 1956 7658 3046 2414 5147 3588 368 
4 18 7525 7519 4505 7507 1112 7499 5111 2860 7487 3038 2413 2143 7452 1113 4174 5216 702 2172 
3 6 3587 7556 1235 5505 2800 489 
3 17 489 2649 5143 4915 660 4782 5213 7631 1935 7641 4985 245 7646 2253 7645 915 1248 
2 7 4423 7560 3580 5399 7575 1332 4849 
2 8 4849 7596 4463 7616 7623 7630 7640 1248 
2 11 7623 4800 2558 7633 4898 5229 3117 7652 7660 5391 491 
3 8 1248 3753 4997 5321 512 5157 5151 7678 
2 5 7678 7689 3951 4735 7695 
3 12 7600 7587 4644 7559 3555 7530 3463 7504 4583 3406 7461 2172 
3 8 5824 4075 4947 126 5729 3846 5740 3853 
3 10 6348 6321 6301 6257 1422 1866 2016 3410 2460 4704 
1 6 1422 2670 1565 3105 2201 2945 
2 7 6090 2970 6096 2557 1620 4337 4097 
2 6 4337 4699 1685 4421 1622 5052 
2 9 1622 5864 3130 91 5793 2129 5782 5760 1288 
2 16 4295 116 6216 6233 6260 3143 6318 6347 3162 4338 6407 3609 6449 1628 6480 6470 
2 5 6470 6446 6401 4596 3026 
1 4 6260 6246 3197 1071 
1 7 1288 5711 5696 5697 1749 867 5246 
1 5 5246 2335 5752 5765 2144 
2 11 4429 2007 6079 5166 4262 5927 2795 5908 1318 1359 5824 
2 12 1926 1979 6737 4519 2247 4558 4245 6595 1756 3830 3762 4669 
1 7 605 2002 6547 2285 2929 4354 1873 
1 17 7461 990 3310 3263 2428 5370 2251 2759 1179 4078 1278 5188 4487 4740 7379 4834 7338 
1 7 3846 5159 4210 1544 1804 109 83 
2 25 3824 2752 3233 11 5265 7218 5024 566 7302 460 7344 7371 4126 4574 49 7393 4094 7395 2339 330 7392 4894 7381 7387 5120 
2 18 7302 2027 4111 2707 7322 3370 173 7310 4101 2810 5372 1500 7283 3901 3889 1707 3287 7173 
2 8 5480 1455 7063 7079 3511 7097 7130 4404 
1 8 7173 1908 4404 7119 3869 5344 7039 5440 
1 3 4726 7356 902 
1 2 1365 616 
1 5 6760 4652 4502 4867 5512 
1 5 4246 1770 5880 1012 4262 
1 8 6387 4812 1832 6439 4312 5137 6502 4591 
1 4 6407 2634 2729 3180 
1 6 3180 2380 3833 2471 4539 5107 
1 8 3013 938 5761 2288 2361 3665 4084 5705 
1 7 4097 1120 6074 3636 6071 1258 565 
1 4 5705 5685 3638 4597 
1 7 3622 7047 4438 6991 581 6939 2864 
1 10 4105 5237 6520 6496 6475 2122 412 3528 1982 6433 
2 6 1544 2737 4746 5643 644 1161 
5 6 5428 5362 6967 3773 1600 9062 
5 3 9062 1778 4700 
5 2 4700 6980 
2 3 6928 6943 4700 
3 18 3575 7180 5453 7101 2025 430 7008 9062 6966 792 3515 358 4602 564 6802 6785 616 4323 
1 7 2335 5800 5817 5839 685 2950 3752 
1 3 5219 5671 5696 
1 3 4334 3736 867 
1 5 5697 5722 5751 352 5810 
1 7 6090 436 6047 4544 4651 5978 3752 
1 3 3752 3031 5984 
1 7 5810 4300 5860 1340 2893 5988 4544 
1 12 1685 5902 3497 1729 2857 3747 5810 2496 3479 5803 4588 2335 
1 4 3002 2642 3027 3180 
1 5 628 6176 87 6165 1227 
1 7 4098 5253 6026 6068 1648 6107 6132 
1 11 6132 6140 1213 6187 1798 6228 3845 6239 5304 6307 7 
1 5 6239 6219 5101 6175 1227 
1 6 3468 5709 4850 5701 4389 5070 
1 9 3631 9243 9195 9242 2051 9247 4824 1980 5070 
1 6 2051 5651 3774 5663 2383 5658 
1 4 5658 5668 5678 4657 
1 8 4506 3800 9129 9141 4287 9068 3296 4657 
1 5 4506 1456 9064 5167 3446 
1 5 3446 9087 9088 9081 9089 
2 5 9083 5160 9089 3942 5827 
1 4 9083 700 1452 606 
2 8 606 5948 9166 2209 9165 1314 9162 3579 
2 7 3579 9159 750 9153 5447 9156 9157 
2 6 9131 9132 9126 9130 9182 9141 
3 11 9131 1074 9133 3022 9135 3152 1919 1492 6005 2291 3550 
2 6 5948 3543 1929 2907 5958 1492 
1 6 3550 9205 6104 3552 5262 1391 
1 3 5262 1633 6209 
2 7 5262 4521 6181 1880 6160 1207 9157 
1 8 1880 9149 9267 6249 3217 1280 9107 3985 
1 9 1280 2513 9179 6319 2008 3933 9121 6360 382 
1 12 3985 9108 469 810 4846 1775 6447 6442 9112 1146 9113 382 
1 9 6447 988 5472 1805 6500 5403 3482 4725 2436 
1 6 1798 4771 6223 6218 6217 9149 
1 3 6132 2847 5447 
2 10 2383 4949 3628 546 5759 2574 5806 4959 2070 5040 
1 5 4098 2786 4371 661 3732 
1 7 3732 1287 5833 5820 3107 5789 3254 
3 3 3004 5069 2768 
1 6 4657 2826 2464 4478 5146 2574 
1 5 6024 1174 2686 441 5886 
1 4 6209 6230 4462 2769 
1 5 382 9111 6335 924 2769 
2 4 6252 2616 4439 5072 
2 6 2769 6240 2840 4977 1611 5287 
1 5 9205 3986 1717 6118 1611 
1 6 5287 2508 4244 1165 5517 1303 
1 4 1303 9202 5916 5040 
1 7 9135 5029 4489 5946 2397 4253 5040 
1 3 4253 4874 1303 
2 5 9202 5967 1006 4601 5965 
2 4 5965 1566 5502 9268 
2 7 2769 1190 6248 6225 4286 5001 5072 
2 8 1006 6013 205 9184 3067 5361 6178 5072 
2 6 9268 279 4911 1046 684 546 
1 3 9383 2023 9430 
1 8 9430 9435 9427 5060 1951 9 4498 2048 
2 3 2048 4407 1321 
3 4 5190 3334 6245 4402 
2 5 4402 798 4365 2836 4535 
3 4 2798 4880 1239 4402 
1 5 9430 9432 9426 9424 9380 
1 5 9331 9392 670 931 9380 
3 8 1161 1693 4138 3965 530 5715 5290 4996 
2 5 2956 236 4610 6317 6281 
1 6 9068 9140 3430 2243 5763 4478 
2 4 1359 5885 5929 1886 
2 5 1886 3485 5030 6080 2799 
2 8 1886 5982 3758 3484 2955 5926 5873 2908 
1 7 3861 5518 2449 9318 6002 6030 2367 
3 10 4627 4471 645 6474 2732 828 3332 3988 994 6530 
1 5 2258 2485 5774 634 1073 
3 6 6235 2694 2092 6669 9486 6263 
2 10 6263 9487 9482 1421 9483 3925 9490 3976 4054 6235 
2 3 9487 4061 6252 
1 2 4710 2092 
2 9 9270 9252 9358 9362 9355 9361 9274 9256 1045 
2 5 9270 9360 9271 9356 9274 
1 4 1045 9365 9364 9357 
1 2 9365 9363 
1 6 9270 5525 4076 9282 5282 2466 
1 3 9363 9277 9268 
4 6 2768 5778 9317 5792 5827 5853 
3 9 660 7632 4696 7654 7661 7668 3302 5149 368 
4 7 2143 3616 3166 813 2204 1922 4574 
2 13 2647 5220 881 7595 5260 7572 2026 7541 7527 147 3464 7503 3038 
2 9 2026 7542 3369 3725 929 7526 1639 507 3406 
3 7 7587 2543 5377 2939 2422 7552 3725 
