
state={
	id=104
	name="STATE_104"
	resources={
		oil=4.000
		tungsten = 5.000
		coal=5.000
	}

	history={
		owner = RHU
		buildings = {
			infrastructure = 1
			industrial_complex = 3

		}
		add_core_of = RHU
		victory_points = {
			6599 5
		}
		victory_points = {
			4245 5
		}

	}

	provinces={
		121 688 1016 1558 1677 1699 1756 1810 1850 1979 2036 2040 2049 2203 2217 2247 2388 2534 2664 2669 2689 2711 2851 2862 2946 3006 3116 3138 3201 3280 3308 3376 3476 3558 3617 3709 3727 3788 3830 3918 3964 4085 4245 4306 4370 4406 4425 4456 4519 4558 4759 4797 5077 5114 5130 5339 5431 5454 5486 5499 6559 6578 6595 6599 6611 6620 6646 6650 6661 6682 6702 6706 6709 6726 6728 6731 6737 6738 6748 6749 6753 6757 6768 6773 6777 6784 6787 6801 6803 6806 6812 
	}
	manpower=30000
	buildings_max_level_factor=1.000
	state_category=large_town
	local_supplies=0.000
}
