
state = {
	id = 118
	name = "STATE_118"

	history = {
		owner = HAR
		buildings = {
			infrastructure = 1

		}
		add_core_of = HAR
		victory_points = {
			368 35 
		}

	}

	provinces = {48 96 360 368 381 390 527 588 900 966 1229 1289 1306 1434 1568 1579 1669 1723 1799 1956 1978 2011 2050 2140 2224 2265 2439 2520 2583 2617 2806 2870 3056 3088 3094 3113 3137 3190 3302 3322 3336 3444 3544 3650 3661 3944 4030 4089 4145 4289 4369 4428 4527 4575 4736 4764 4820 4875 4897 4921 4967 5134 5149 5192 5217 5227 5269 7619 7624 7625 7627 7632 7635 7636 7642 7644 7648 7653 7656 7658 7663 7667 7669 7671 7673 7685 7690 7691 7692 7693 7694 7704 7705 7711 7712 7714 7716 7720 7729 7731 7749}
	manpower = 520000
	buildings_max_level_factor = 1.000
	state_category = enclave
	local_supplies = 0.000
}
